255 0 0 255
255 127 0 255
255 255 0 255
200 0 0 255
47 132 20 255
0 255 255 255
27 117 196 255
0 43 130 255
255 255 255 140
DIV: Standard

255 0 0 178
255 127 0 178
255 255 0 178
124 252 0 178
47 132 20 178
135 206 250 178
30 144 255 178
0 0 255 178
255 230 250 2
DIV: Transparent Standard

255 154 108 255
255 224 156 255
216 196 148 255
200 235 125 255
138 178 141 255
143 237 245 255
139 90 0 255
255 215 99 255
218 165 32 255
DIV: Softers

174 35 35 255
128 0 0 255
112 128 144 255
61 89 171 255
0 36 85 255
85 107 47 255
34 113 39 255
34 69 39 255
25 51 39 255
DIV: Specials

45 33 20 255
68 50 30 255
255 0 128 255
75 0 130 255
96 81 79 255
101 90 78 255
139 125 107 255
99 93 87 255
119 114 107 255
DIV: Terrain Highlight

248 244 249 255
215 212 216 255
187 184 188 255
164 162 165 255
136 134 137 255
106 104 107 255
86 84 87 255
66 64 67 255
21 29 27 255
DIV: Greyscale

205 170 125 255 
190 150 92 255
186 138 67 255
160 118 59 255
136 101 49 255
116 81 29 255
81 61 30 255
122 61 0 255
100 50 0 255
DIV: Browns